               1               1     9.88531E-03    -2.00744E-03     4.28992E-03
               2               1     11.1950E-03    -4.55732E-03     833.784E-06
               3               1     12.1506E-03    -5.39728E-03    -244.066E-06
               4               1     12.9122E-03    -6.02212E-03    -257.226E-06
               5               1     13.4988E-03    -6.63626E-03    -296.946E-06
               6               1     8.29135E-03    -1.27900E-03     1.82644E-03
               7               1     10.8202E-03    -3.59072E-03     683.313E-06
               8               1     12.3837E-03    -5.34982E-03    -349.147E-06
               9               1     13.6740E-03    -6.57845E-03    -510.544E-06
              10               1     14.4627E-03    -7.26972E-03    -628.628E-06
              11               1     7.91936E-03    -1.09489E-03    -170.089E-06
              12               1     10.5166E-03    -3.29729E-03    -338.827E-06
              13               1     12.4540E-03    -5.27634E-03    -477.988E-06
              14               1     13.9196E-03    -6.75868E-03    -431.369E-06
              15               1     14.8178E-03    -7.58512E-03    -601.415E-06
              16               1     8.34562E-03    -1.32231E-03    -2.17395E-03
              17               1     10.9411E-03    -3.70010E-03    -1.28546E-03
              18               1     12.3793E-03    -5.38640E-03    -563.685E-06
              19               1     13.6221E-03    -6.52173E-03    -518.875E-06
              20               1     14.3442E-03    -7.19578E-03    -605.005E-06
              21               1     10.0677E-03    -2.09403E-03    -4.73349E-03
              22               1     11.3376E-03    -4.70453E-03    -1.48143E-03
              23               1     12.0249E-03    -5.40979E-03    -580.316E-06
              24               1     12.8646E-03    -5.98840E-03    -895.461E-06
              25               1     13.3465E-03    -6.47202E-03    -756.908E-06


