               1              0.              0.
               2     1.11696E-03     751.448E-06
               3     2.24705E-03     1.13324E-03
               4     3.44833E-03     1.37092E-03
               5     4.69839E-03     1.53698E-03
               6     6.00000E-03     1.59424E-03
               7              0.              0.
               8     870.685E-06     348.085E-06
               9     1.99158E-03     626.209E-06
              10     3.23469E-03     800.945E-06
              11     4.58357E-03     906.002E-06
              12     6.00000E-03     902.332E-06
              13              0.              0.
              14     794.633E-06     92.0353E-06
              15     1.84943E-03     165.201E-06
              16     3.09827E-03     194.683E-06
              17     4.50288E-03     200.914E-06
              18     6.00000E-03     158.745E-06
              19              0.              0.
              20     795.529E-06    -126.904E-06
              21     1.85516E-03    -274.156E-06
              22     3.11270E-03    -418.537E-06
              23     4.51148E-03    -533.018E-06
              24     6.00000E-03    -618.646E-06
              25              0.              0.
              26     880.798E-06    -391.728E-06
              27     2.02133E-03    -748.451E-06
              28     3.25483E-03    -1.01910E-03
              29     4.59900E-03    -1.23278E-03
              30     6.00000E-03    -1.35298E-03
              31              0.              0.
              32     1.14388E-03    -812.791E-06
              33     2.28320E-03    -1.26758E-03
              34     3.46865E-03    -1.57986E-03
              35     4.71380E-03    -1.86666E-03
              36     6.00000E-03    -2.00948E-03
              37              0.              0.
              38     1.11696E-03     751.448E-06
              39     2.24705E-03     1.13324E-03
              40     3.44833E-03     1.37092E-03
              41     4.69839E-03     1.53698E-03
              42     6.00000E-03     1.59424E-03
              43              0.              0.
              44     870.685E-06     348.085E-06
              45     1.99158E-03     626.209E-06
              46     3.23469E-03     800.945E-06
              47     4.58357E-03     906.002E-06
              48     6.00000E-03     902.332E-06
              49              0.              0.
              50     794.633E-06     92.0353E-06
              51     1.84943E-03     165.201E-06
              52     3.09827E-03     194.683E-06
              53     4.50288E-03     200.914E-06
              54     6.00000E-03     158.745E-06
              55              0.              0.
              56     795.529E-06    -126.904E-06
              57     1.85516E-03    -274.156E-06
              58     3.11270E-03    -418.537E-06
              59     4.51148E-03    -533.018E-06
              60     6.00000E-03    -618.646E-06
              61              0.              0.
              62     880.798E-06    -391.728E-06
              63     2.02133E-03    -748.451E-06
              64     3.25483E-03    -1.01910E-03
              65     4.59900E-03    -1.23278E-03
              66     6.00000E-03    -1.35298E-03
              67              0.              0.
              68     1.14388E-03    -812.791E-06
              69     2.28320E-03    -1.26758E-03
              70     3.46865E-03    -1.57986E-03
              71     4.71380E-03    -1.86666E-03
              72     6.00000E-03    -2.00948E-03


