               1     7.06347E-36   
               2     262.416E-03   
               3     504.260E-03   
               4     749.992E-03   
               5              1.   
               6     12.2026E-36   
               7     234.766E-03   
               8     494.315E-03   
               9     746.856E-03   
              10              1.   
              11     11.9680E-36   
              12     234.630E-03   
              13     487.371E-03   
              14     744.809E-03   
              15              1.   
              16     12.2026E-36   
              17     234.766E-03   
              18     494.315E-03   
              19     746.856E-03   
              20              1.   
              21     7.06347E-36   
              22     262.416E-03   
              23     504.260E-03   
              24     749.992E-03   
              25              1.   
              26     7.06347E-36   
              27     262.416E-03   
              28     504.260E-03   
              29     749.992E-03   
              30              1.   
              31     12.2026E-36   
              32     234.766E-03   
              33     494.315E-03   
              34     746.856E-03   
              35              1.   
              36     11.9680E-36   
              37     234.630E-03   
              38     487.371E-03   
              39     744.809E-03   
              40              1.   
              41     12.2026E-36   
              42     234.766E-03   
              43     494.315E-03   
              44     746.856E-03   
              45              1.   
              46     7.06347E-36   
              47     262.416E-03   
              48     504.260E-03   
              49     749.992E-03   
              50              1.   
               1     1.34441E-36
               2     87.3908E-03
               3     97.8845E-03
               4     104.301E-03
               5     102.964E-03
               6     767.452E-39
               7     33.0585E-03
               8     51.5459E-03
               9     52.3440E-03
              10     52.7688E-03
              11              0.
              12     279.048E-18
              13     749.184E-18
              14     1.08812E-15
              15     1.25447E-15
              16    -767.452E-39
              17    -33.0585E-03
              18    -51.5459E-03
              19    -52.3440E-03
              20    -52.7688E-03
              21    -1.34441E-36
              22    -87.3908E-03
              23    -97.8845E-03
              24    -104.301E-03
              25    -102.964E-03
              26     1.34441E-36
              27     87.3908E-03
              28     97.8845E-03
              29     104.301E-03
              30     102.964E-03
              31     767.452E-39
              32     33.0585E-03
              33     51.5459E-03
              34     52.3440E-03
              35     52.7688E-03
              36              0.
              37     164.748E-18
              38     303.694E-18
              39     442.489E-18
              40     307.374E-18
              41    -767.452E-39
              42    -33.0585E-03
              43    -51.5459E-03
              44    -52.3440E-03
              45    -52.7688E-03
              46    -1.34441E-36
              47    -87.3908E-03
              48    -97.8845E-03
              49    -104.301E-03
              50    -102.964E-03