               1     7.06347E-36   
               2     262.416E-03   
               3     504.260E-03   
               4     749.992E-03   
               5              1.   
               6     12.2026E-36   
               7     234.766E-03   
               8     494.315E-03   
               9     746.856E-03   
              10              1.   
              11     11.9680E-36   
              12     234.630E-03   
              13     487.371E-03   
              14     744.809E-03   
              15              1.   
              16     12.2026E-36   
              17     234.766E-03   
              18     494.315E-03   
              19     746.856E-03   
              20              1.   
              21     7.06347E-36   
              22     262.416E-03   
              23     504.260E-03   
              24     749.992E-03   
              25              1.    
               1     1.34441E-36
               2     87.3908E-03
               3     97.8845E-03
               4     104.301E-03
               5     102.964E-03
               6     767.452E-39
               7     33.0585E-03
               8     51.5459E-03
               9     52.3440E-03
              10     52.7688E-03
              11              0.
              12     279.048E-18
              13     749.184E-18
              14     1.08812E-15
              15     1.25447E-15
              16    -767.452E-39
              17    -33.0585E-03
              18    -51.5459E-03
              19    -52.3440E-03
              20    -52.7688E-03
              21    -1.34441E-36
              22    -87.3908E-03
              23    -97.8845E-03
              24    -104.301E-03
              25    -102.964E-03
              